%YAML:1.0
calibration_time: "Wed 10 Jul 2013 12:32:35 PM PDT"
nframes: 7
image_width: 1280
image_height: 720
board_width: 9
board_height: 6
square_size: 25.
fixaspectratio: 1.
# flags:  +fix_aspectRatio +fix_principal_point +zero_tangent_dist
#flag: 14
flags: 14 
camera_matrix: !!opencv-matrix
   rows: 3
   cols: 3
   dt: d
   data: [ 1.0914614859956655e+03, 0., 6.3950000000000000e+02, 0.,
       1.0914614859956655e+03, 3.5950000000000000e+02, 0., 0., 1. ]
distortion_coefficients: !!opencv-matrix
   rows: 5
   cols: 1
   dt: d
   data: [0,0,0,0,0]
#   data: [ -2.5153022145970375e-02, 1.8779541559631183e-01,
#       5.4614036870218492e-03, -1.8208349066208808e-02,
#       -5.1340446206183921e-01 ]
#  data: [ 2.9300952834083238e-01, -2.6621465524247796e+00, 0., 0.,
#       4.6427119156187437e+00 ]
avg_reprojection_error: 1.8450564902185906e-01
per_view_reprojection_errors: !!opencv-matrix
   rows: 7
   cols: 1
   dt: f
   data: [ 1.71441779e-01, 1.79936409e-01, 2.14446977e-01,
       1.84406385e-01, 1.77611262e-01, 1.80933803e-01, 1.79585427e-01 ]
# a set of 6-tuples (rotation vector + translation vector) for each view
extrinsic_parameters: !!opencv-matrix
   rows: 7
   cols: 6
   dt: d
   data: [ -2.6648882807651081e-01, -4.0867141702415510e-02,
       -1.1366828805514852e-02, -1.2205232397561387e+02,
       -6.1774365916234274e+01, 5.2182720178075738e+02,
       -2.7388716330677199e-01, -3.6801751442301030e-02,
       -5.9257981484781962e-03, -1.2009645083776442e+02,
       -5.8532035284881381e+01, 5.2047520520763987e+02,
       -2.7844492360753265e-01, -3.7301713418597948e-02,
       -3.9057793321827365e-03, -1.1984691555541373e+02,
       -6.0587962447344850e+01, 5.1895794779849689e+02,
       -2.6812522042273351e-01, -3.9704111892103468e-02,
       -1.1802106749352798e-02, -1.2153527161289053e+02,
       -6.2632449079910756e+01, 5.1485142062931504e+02,
       -2.6314795777653954e-01, -3.6785281903726000e-02,
       -1.2495551864144175e-02, -1.2005479502443684e+02,
       -6.3921335905744002e+01, 5.1289980118475910e+02,
       -2.6694746786889262e-01, -3.5115411817334033e-02,
       -1.4129014363304659e-02, -1.1976733266861407e+02,
       -6.1176952551451492e+01, 5.1273129815272364e+02,
       -2.6930658607868502e-01, -3.4470590749720649e-02,
       -1.5224401173062029e-02, -1.2061618321031276e+02,
       -5.9456538577134488e+01, 5.1421591419511537e+02 ]
image_points: !!opencv-matrix
   rows: 7
   cols: 54
   dt: "2f"
   data: [ 3.82067383e+02, 2.29537903e+02, 4.35166077e+02,
       2.29414200e+02, 4.88269836e+02, 2.29328186e+02, 5.40966370e+02,
       2.29350510e+02, 5.93460938e+02, 2.29436737e+02, 6.45484680e+02,
       2.29365891e+02, 6.97370056e+02, 2.29263580e+02, 7.49005798e+02,
       2.29114380e+02, 8.00887207e+02, 2.28867828e+02, 3.79551971e+02,
       2.79167938e+02, 4.33584839e+02, 2.79093719e+02, 4.87362335e+02,
       2.78947113e+02, 5.40831238e+02, 2.78855438e+02, 5.93853516e+02,
       2.78835205e+02, 6.46423584e+02, 2.78903473e+02, 6.98800720e+02,
       2.78704346e+02, 7.50910461e+02, 2.78473267e+02, 8.03285095e+02,
       2.78260803e+02, 3.77023468e+02, 3.30060181e+02, 4.31796570e+02,
       3.29909729e+02, 4.86381561e+02, 3.29657928e+02, 5.40495850e+02,
       3.29445190e+02, 5.94178894e+02, 3.29429840e+02, 6.47263062e+02,
       3.29310791e+02, 7.00253296e+02, 3.29135376e+02, 7.53107239e+02,
       3.28827026e+02, 8.06232483e+02, 3.28443329e+02, 3.74419037e+02,
       3.82438873e+02, 4.30108551e+02, 3.82241302e+02, 4.85285431e+02,
       3.81713959e+02, 5.40184509e+02, 3.81274292e+02, 5.94424866e+02,
       3.81030121e+02, 6.48328308e+02, 3.80829315e+02, 7.01833069e+02,
       3.80455627e+02, 7.55502563e+02, 3.80141296e+02, 8.09317993e+02,
       3.79734558e+02, 3.71813965e+02, 4.36516266e+02, 4.28126312e+02,
       4.35949890e+02, 4.84178528e+02, 4.35416351e+02, 5.39657898e+02,
       4.34698120e+02, 5.94707214e+02, 4.34200806e+02, 6.49320007e+02,
       4.33781769e+02, 7.03689392e+02, 4.33280273e+02, 7.58070557e+02,
       4.32873444e+02, 8.12724243e+02, 4.32440369e+02, 3.69270508e+02,
       4.91970215e+02, 4.26179535e+02, 4.91411804e+02, 4.82850189e+02,
       4.90558838e+02, 5.39216736e+02, 4.89707336e+02, 5.95007385e+02,
       4.88999146e+02, 6.50337341e+02, 4.88295074e+02, 7.05684509e+02,
       4.87727325e+02, 7.60907227e+02, 4.87225189e+02, 8.16398071e+02,
       4.86808411e+02, 3.85538849e+02, 2.36081467e+02, 4.38744965e+02,
       2.36179016e+02, 4.91993835e+02, 2.36291153e+02, 5.44872498e+02,
       2.36514328e+02, 5.97479797e+02, 2.36847153e+02, 6.49613464e+02,
       2.36998642e+02, 7.01683594e+02, 2.37109985e+02, 7.53696838e+02,
       2.37108597e+02, 8.05762268e+02, 2.37128571e+02, 3.82610718e+02,
       2.85753113e+02, 4.36890259e+02, 2.85885010e+02, 4.90796539e+02,
       2.86007629e+02, 5.44413574e+02, 2.86189209e+02, 5.97552856e+02,
       2.86370605e+02, 6.50367310e+02, 2.86645203e+02, 7.02890686e+02,
       2.86696106e+02, 7.55434631e+02, 2.86685944e+02, 8.08093323e+02,
       2.86700073e+02, 3.79596893e+02, 3.36775757e+02, 4.34710449e+02,
       3.36892822e+02, 4.89543793e+02, 3.36934601e+02, 5.43737854e+02,
       3.36918457e+02, 5.97643250e+02, 3.37142914e+02, 6.50961121e+02,
       3.37288849e+02, 7.04223145e+02, 3.37296844e+02, 7.57306641e+02,
       3.37240814e+02, 8.10761780e+02, 3.37170898e+02, 3.76733429e+02,
       3.89450165e+02, 4.32637573e+02, 3.89426819e+02, 4.87975372e+02,
       3.89132263e+02, 5.43070618e+02, 3.88974091e+02, 5.97588623e+02,
       3.88990753e+02, 6.51664917e+02, 3.89000214e+02, 7.05618591e+02,
       3.88988678e+02, 7.59469482e+02, 3.88807587e+02, 8.13611511e+02,
       3.88719757e+02, 3.73709137e+02, 4.43678375e+02, 4.30271667e+02,
       4.43413116e+02, 4.86464630e+02, 4.43115601e+02, 5.42268860e+02,
       4.42622223e+02, 5.97607117e+02, 4.42395660e+02, 6.52438904e+02,
       4.42244446e+02, 7.07136963e+02, 4.42046814e+02, 7.61860901e+02,
       4.41894409e+02, 8.17064026e+02, 4.41643463e+02, 3.70719177e+02,
       4.99428345e+02, 4.27926270e+02, 4.99078278e+02, 4.84833374e+02,
       4.98554352e+02, 5.41415283e+02, 4.97994507e+02, 5.97547852e+02,
       4.97436981e+02, 6.53180969e+02, 4.97104187e+02, 7.08897217e+02,
       4.96766693e+02, 7.64474060e+02, 4.96632263e+02, 8.20240234e+02,
       4.96494141e+02, 3.85140656e+02, 2.31357956e+02, 4.38522583e+02,
       2.31475128e+02, 4.91990356e+02, 2.31890808e+02, 5.45104004e+02,
       2.32162048e+02, 5.97905579e+02, 2.32594116e+02, 6.50336060e+02,
       2.32915070e+02, 7.02577393e+02, 2.33151596e+02, 7.54757812e+02,
       2.33203918e+02, 8.06997620e+02, 2.33411789e+02, 3.82077789e+02,
       2.81022308e+02, 4.36506775e+02, 2.81377197e+02, 4.90599121e+02,
       2.81515442e+02, 5.44512756e+02, 2.81946991e+02, 5.97843933e+02,
       2.82230377e+02, 6.50805237e+02, 2.82649872e+02, 7.03610840e+02,
       2.82783691e+02, 7.56371521e+02, 2.82965424e+02, 8.09086609e+02,
       2.83098694e+02, 3.79118011e+02, 3.32138580e+02, 4.34277496e+02,
       3.32355560e+02, 4.89290649e+02, 3.32538330e+02, 5.43699829e+02,
       3.32638977e+02, 5.97785583e+02, 3.33043945e+02, 6.51380920e+02,
       3.33276733e+02, 7.04789429e+02, 3.33406006e+02, 7.58108826e+02,
       3.33494629e+02, 8.11716309e+02, 3.33501648e+02, 3.76032959e+02,
       3.84917694e+02, 4.32057068e+02, 3.84955841e+02, 4.87616608e+02,
       3.84874939e+02, 5.42988770e+02, 3.84791199e+02, 5.97623413e+02,
       3.84917786e+02, 6.51983337e+02, 3.85066864e+02, 7.06061829e+02,
       3.85134918e+02, 7.60223694e+02, 3.85065979e+02, 8.14546875e+02,
       3.85073212e+02, 3.72836243e+02, 4.39183228e+02, 4.29537384e+02,
       4.38932678e+02, 4.86082092e+02, 4.38781982e+02, 5.42035461e+02,
       4.38468933e+02, 5.97584106e+02, 4.38346649e+02, 6.52649963e+02,
       4.38327789e+02, 7.07501953e+02, 4.38161743e+02, 7.62509155e+02,
       4.38154144e+02, 8.17693726e+02, 4.38048370e+02, 3.69701965e+02,
       4.94935577e+02, 4.27138489e+02, 4.94747253e+02, 4.84299957e+02,
