%YAML:1.0
calibration_time: "Wed 12 Jun 2013 11:56:10 AM PDT"
nrofframes: 9
image_width: 848
image_height: 480
board_width: 4
board_height: 11
square_size: 12.
fixaspectratio: 1.
# flags:  +fix_aspectRatio +fix_principal_point +zero_tangent_dist
flag: 14
camera_matrix: !!opencv-matrix
   rows: 3
   cols: 3
   dt: d
   data: [ 7.0429556033998119e+02, 0., 4.2350000000000000e+02, 0.,
       7.0429556033998119e+02, 2.3950000000000000e+02, 0., 0., 1. ]
distortion_coefficients: !!opencv-matrix
   rows: 5
   cols: 1
   dt: d
   data: [ 3.5235497702790558e-01, -2.9081512151266544e+00, 0., 0.,
       6.9716739667508314e+00 ]
avg_reprojection_error: 2.7106782948921893e-01
per_view_reprojection_errors: !!opencv-matrix
   rows: 9
   cols: 1
   dt: f
   data: [ 1.04871675e-01, 4.17543083e-01, 3.33303303e-01,
       1.57791331e-01, 2.79556096e-01, 2.43746400e-01, 3.27322185e-01,
       1.86863706e-01, 2.45659634e-01 ]
# a set of 6-tuples (rotation vector + translation vector) for each view
extrinsic_parameters: !!opencv-matrix
   rows: 9
   cols: 6
   dt: d
   data: [ -1.1080987509679216e-01, 1.2914881195447370e-01,
       1.5508004464146059e+00, 3.3939384516219761e+01,
       -3.7733265086105831e+01, 4.5083887474521765e+02,
       -5.5775493004301444e-02, 7.7379278260042469e-02,
       1.5738682262997117e+00, 4.9272182960755956e+01,
       -3.7986682886544834e+01, 3.0880759453549035e+02,
       -7.7500519600233936e-02, 4.2918065021825498e-02,
       1.5578272915347913e+00, 5.0613322861438675e+01,
       -4.3028527606618148e+01, 2.2392950921366338e+02,
       -3.2926802646743497e-01, -1.9302712777998215e-01,
       1.5735743060386920e+00, 7.4193918147913095e+01,
       -2.5977530781268641e+01, 4.0929659147219621e+02,
       -4.0742456465534393e-01, -2.9387390078824072e-01,
       1.6040107772730334e+00, 1.3500244388937554e+02,
       -2.7511359929933654e+01, 3.5236653356904503e+02,
       4.0101485763202732e-01, 4.2067162755848475e-01,
       1.4995949780426561e+00, -1.3170346070685927e+01,
       -3.7920957338316697e+01, 3.0761147689329232e+02,
       5.1352121784476412e-01, 4.8570941978249788e-01,
       1.4806158845503832e+00, -3.0637305380790533e+01,
       -4.1580969456649015e+01, 2.5824177854936795e+02,
       2.9003911286648876e-01, -3.0001877326050147e-01,
       1.5210691788336070e+00, 8.0352160456604608e+01,
       -1.5319260951825427e+01, 3.4056339118969754e+02,
       3.9867952709663207e-01, -4.0312901444812271e-01,
       1.4988361375675820e+00, 6.0124325439207261e+01,
       -5.5888801541710109e-01, 3.0346714787095380e+02 ]
image_points: !!opencv-matrix
   rows: 9
   cols: 44
   dt: "2f"
   data: [ 4.76674683e+02, 1.80308716e+02, 4.77748413e+02,
       2.17434586e+02, 4.78838531e+02, 2.54917145e+02, 4.80130981e+02,
       2.93192719e+02, 4.58218445e+02, 1.99234756e+02, 4.59175201e+02,
       2.36454208e+02, 4.60135712e+02, 2.74268433e+02, 4.61233887e+02,
       3.12875641e+02, 4.38955170e+02, 1.81091782e+02, 4.39691101e+02,
       2.18134827e+02, 4.40464386e+02, 2.55602448e+02, 4.41314636e+02,
       2.93758362e+02, 4.20435333e+02, 1.99944321e+02, 4.21069305e+02,
       2.37119644e+02, 4.21710449e+02, 2.74935547e+02, 4.22302368e+02,
       3.13537964e+02, 4.01457550e+02, 1.81777283e+02, 4.01918762e+02,
       2.18805374e+02, 4.02378174e+02, 2.56251221e+02, 4.02807922e+02,
       2.94460571e+02, 3.82825836e+02, 2.00510452e+02, 3.83170074e+02,
       2.37819489e+02, 3.83402405e+02, 2.75577118e+02, 3.83621063e+02,
       3.14228302e+02, 3.63828674e+02, 1.82311371e+02, 3.64082886e+02,
       2.19479477e+02, 3.64218628e+02, 2.56960663e+02, 3.64227325e+02,
       2.95122345e+02, 3.45019714e+02, 2.01153824e+02, 3.45064819e+02,
       2.38485519e+02, 3.44974335e+02, 2.76260590e+02, 3.44752716e+02,
       3.14924835e+02, 3.25978027e+02, 1.82818359e+02, 3.25968781e+02,
       2.20015533e+02, 3.25812836e+02, 2.57664368e+02, 3.25458099e+02,
       2.95900482e+02, 3.06987488e+02, 2.01665619e+02, 3.06748138e+02,
       2.39067917e+02, 3.06321991e+02, 2.77032074e+02, 3.05604736e+02,
       3.15718536e+02, 2.88134949e+02, 1.83312271e+02, 2.87791107e+02,
       2.20543640e+02, 2.87404053e+02, 2.58273132e+02, 2.86657440e+02,
       2.96707520e+02, 5.36370972e+02, 1.52280838e+02, 5.37045898e+02,
       2.07225693e+02, 5.37952087e+02, 2.62605103e+02, 5.39234314e+02,
       3.19186096e+02, 5.08719696e+02, 1.79739899e+02, 5.09286743e+02,
       2.34692520e+02, 5.10061890e+02, 2.90415253e+02, 5.11178833e+02,
       3.47543640e+02, 4.80844116e+02, 1.52347809e+02, 4.81033173e+02,
       2.07092484e+02, 4.81557526e+02, 2.62217010e+02, 4.82185364e+02,
       3.18461243e+02, 4.53325653e+02, 1.79707581e+02, 4.53487000e+02,
       2.34369720e+02, 4.53791962e+02, 2.89951202e+02, 4.54100739e+02,
       3.46835480e+02, 4.25888733e+02, 1.52280914e+02, 4.25902161e+02,
       2.06866913e+02, 4.25930115e+02, 2.61867645e+02, 4.25961121e+02,
       3.17982758e+02, 3.98471863e+02, 1.79455338e+02, 3.98300201e+02,
       2.34094849e+02, 3.98018921e+02, 2.89549713e+02, 3.97845367e+02,
       3.46345886e+02, 3.71064392e+02, 1.51927597e+02, 3.70903687e+02,
       2.06577393e+02, 3.70464111e+02, 2.61576202e+02, 3.69914459e+02,
       3.17566406e+02, 3.43406586e+02, 1.79076538e+02, 3.42980743e+02,
       2.33853516e+02, 3.42224487e+02, 2.89274048e+02, 3.41340149e+02,
       3.45968842e+02, 3.15949097e+02, 1.51378983e+02, 3.15489197e+02,
       2.06181274e+02, 3.14735352e+02, 2.61248901e+02, 3.13675598e+02,
       3.17379059e+02, 2.88079926e+02, 1.78582474e+02, 2.87314392e+02,
       2.33422653e+02, 2.86211365e+02, 2.89042755e+02, 2.84609741e+02,
       3.45784668e+02, 2.61010681e+02, 1.50940948e+02, 2.60092896e+02,
       2.05741409e+02, 2.59072479e+02, 2.60958527e+02, 2.57536774e+02,
       3.17130219e+02, 5.84459167e+02, 1.02494316e+02, 5.86698975e+02,
       1.78428070e+02, 5.89245422e+02, 2.55238174e+02, 5.92385498e+02,
       3.33633179e+02, 5.47091003e+02, 1.40889572e+02, 5.49039795e+02,
       2.17184845e+02, 5.51440796e+02, 2.94529968e+02, 5.54527466e+02,
       3.73930603e+02, 5.08006042e+02, 1.03287453e+02, 5.09390045e+02,
       1.79456299e+02, 5.11202911e+02, 2.56004700e+02, 5.13524719e+02,
       3.34274689e+02, 4.70367157e+02, 1.41802521e+02, 4.71678589e+02,
       2.17975967e+02, 4.73395569e+02, 2.95263916e+02, 4.75321808e+02,
       3.74824341e+02, 4.31644318e+02, 1.03814095e+02, 4.32761078e+02,
       1.80120453e+02, 4.33911774e+02, 2.56787964e+02, 4.35282440e+02,
       3.35156555e+02, 3.93832123e+02, 1.42281204e+02, 3.94804199e+02,
       2.18747162e+02, 3.95683319e+02, 2.96166443e+02, 3.96578186e+02,
       3.75914459e+02, 3.54756317e+02, 1.03971519e+02, 3.55759613e+02,
       1.80742889e+02, 3.56413849e+02, 2.57699585e+02, 3.56782562e+02,
       3.36286041e+02, 3.16426270e+02, 1.42489471e+02, 3.16992249e+02,
       2.19460526e+02, 3.17127075e+02, 2.97320953e+02, 3.16947968e+02,
       3.77243347e+02, 2.77114410e+02, 1.04053802e+02, 2.77415100e+02,
       1.81061798e+02, 2.77554413e+02, 2.58623077e+02, 2.77153137e+02,
       3.37701111e+02, 2.38269821e+02, 1.42753036e+02, 2.38038696e+02,
       2.20028046e+02, 2.37588928e+02, 2.98489197e+02, 2.36886917e+02,
       3.78534149e+02, 2.00214264e+02, 1.04882896e+02, 1.99152191e+02,
       1.81509048e+02, 1.98717453e+02, 2.59453796e+02, 1.98000320e+02,
       3.38688324e+02, 5.52532227e+02, 1.94242355e+02, 5.52749451e+02,
       2.35918549e+02, 5.53246155e+02, 2.77816528e+02, 5.54128906e+02,
       3.20324341e+02, 5.33615479e+02, 2.14152069e+02, 5.33915649e+02,
       2.56316498e+02, 5.34472168e+02, 2.98763489e+02, 5.35428162e+02,
       3.41922668e+02, 5.14473328e+02, 1.92118164e+02, 5.14441406e+02,
       2.34450928e+02, 5.14745544e+02, 2.77035034e+02, 5.15365112e+02,
       3.20264709e+02, 4.94972992e+02, 2.12375748e+02, 4.94951965e+02,
       2.55080978e+02, 4.95297577e+02, 2.98360992e+02, 4.95915222e+02,
       3.42322937e+02, 4.75397491e+02, 1.89852997e+02, 4.75180206e+02,
