%YAML:1.0
calibration_time: "Wed 12 Jun 2013 11:50:06 AM PDT"
nrofframes: 15
image_width: 1280
image_height: 720
board_width: 4
board_height: 11
square_size: 12.
fixaspectratio: 1.
# flags:  +fix_aspectRatio +fix_principal_point +zero_tangent_dist
flags: 14
camera_matrix: !!opencv-matrix
   rows: 3
   cols: 3
   dt: d
   data: [ 1.0642460726376244e+03, 0., 6.3950000000000000e+02, 0.,
       1.0642460726376244e+03, 3.5950000000000000e+02, 0., 0., 1. ]
distortion_coefficients: !!opencv-matrix
   rows: 5
   cols: 1
   dt: d
   data: [ 3.1428729203469019e-01, -2.3550110470951480e+00, 0., 0.,
       4.3956967464500423e+00 ]
avg_reprojection_error: 3.9172512267821441e-01
per_view_reprojection_errors: !!opencv-matrix
   rows: 15
   cols: 1
   dt: f
   data: [ 3.64959687e-01, 3.48757476e-01, 2.02491820e-01,
       1.68032527e-01, 2.40122274e-01, 4.34712023e-01, 2.75319427e-01,
       3.49992961e-01, 2.19937846e-01, 3.11473936e-01, 2.68270016e-01,
       3.15950930e-01, 2.28392795e-01, 5.25339067e-01, 9.42023039e-01 ]
# a set of 6-tuples (rotation vector + translation vector) for each view
extrinsic_parameters: !!opencv-matrix
   rows: 15
   cols: 6
   dt: d
   data: [ -8.4673628649481913e-02, 7.7284731165605719e-02,
       1.5696136111434815e+00, 6.0711563106198760e+01,
       -4.4071735390010183e+01, 2.7664804443209925e+02,
       -8.9484112175786237e-02, 7.6427201778658790e-02,
       1.5423403569947265e+00, 5.5637679268939436e+01,
       -3.8159404001894444e+01, 3.4500248926715653e+02,
       -9.3990010559082127e-02, 7.2654590847651704e-02,
       1.5594668327957983e+00, 4.9163365741751221e+01,
       -4.7447214665019793e+01, 4.4148524235720458e+02,
       -2.8434390733643017e-01, -5.3007508410512189e-02,
       1.5451728588597438e+00, 7.5753222680295806e+01,
       -4.0182031270862545e+01, 4.6692766002391983e+02,
       -3.1616734408136743e-01, -1.7000960345179664e-01,
       1.5856176046716925e+00, 1.2454205321651763e+02,
       -4.0716091141592159e+01, 4.5570351714868082e+02,
       -4.3470465431177385e-01, -3.6158771314526378e-01,
       1.5809707243311020e+00, 1.7944542475274912e+02,
       -4.0640376095855828e+01, 4.1344096099675266e+02,
       2.7897993009483180e-01, 3.8734272045944623e-01,
       1.5547894243861973e+00, -3.0306867620843190e+00,
       -3.9460558997746411e+01, 3.8293688644134227e+02,
       4.3573458499958162e-01, 4.6891167182718835e-01,
       1.4688461231494450e+00, -4.4401116571179564e+01,
       -5.1972321296398576e+01, 3.7613597543527487e+02,
       3.8873736548947418e-01, -2.5640631147187154e-01,
       1.5544790285355581e+00, 3.6770287899056541e+01,
       -3.0114453298475347e+01, 3.8670595128832196e+02,
       5.2208361715477125e-01, -3.2078785831254530e-01,
       1.4881900017869647e+00, 6.6523496046906203e+01,
       2.0194994812807280e+01, 3.8683437203068371e+02,
       -3.2371950640099140e-01, 2.9857874990751287e-01,
       1.5298675433480231e+00, 5.8970639778288231e+01,
       -5.9860603033691540e+01, 3.5648269117023085e+02,
       -2.9096380550926265e-01, 4.5049330411011823e-01,
       1.6094360960469438e+00, 1.0474123971906712e+02,
       -1.2052481738242751e+02, 4.0633764447633274e+02,
       -1.0931185229241368e-01, 1.3308087268767002e-01,
       1.5635053340825806e+00, 5.1654306668209976e+01,
       -4.0704458312679009e+01, 3.4510334085697065e+02,
       -1.4116288425187822e-02, -5.7234874609840948e-03,
       1.5621240219586885e+00, 5.6703701612153338e+01,
       -3.8004258146178898e+01, 2.8942662823639967e+02,
       -1.5514933056449139e-02, -2.6273957171885826e-02,
       1.5687912404102711e+00, 6.3370797452280343e+01,
       -4.2338436674091874e+01, 1.9183509531415513e+02 ]
image_points: !!opencv-matrix
   rows: 15
   cols: 44
   dt: "2f"
   data: [ 8.75677124e+02, 1.87875702e+02, 8.77580811e+02,
       2.80528625e+02, 8.79939087e+02, 3.74212433e+02, 8.82950317e+02,
       4.69920227e+02, 8.29259033e+02, 2.34229706e+02, 8.30766357e+02,
       3.27241730e+02, 8.32925415e+02, 4.21584442e+02, 8.35794495e+02,
       5.18285217e+02, 7.81673218e+02, 1.88256409e+02, 7.82505737e+02,
       2.80757568e+02, 7.83949036e+02, 3.74035553e+02, 7.85901733e+02,
       4.69341064e+02, 7.35176025e+02, 2.34578690e+02, 7.35883606e+02,
       3.27156494e+02, 7.37057434e+02, 4.21225342e+02, 7.38609253e+02,
       5.17780090e+02, 6.88474182e+02, 1.88333450e+02, 6.88788940e+02,
       2.80841309e+02, 6.89258484e+02, 3.73864014e+02, 6.90095581e+02,
       4.68963165e+02, 6.42001526e+02, 2.34542557e+02, 6.42088318e+02,
       3.27074768e+02, 6.42274841e+02, 4.20983490e+02, 6.42630798e+02,
       5.17417480e+02, 5.95406616e+02, 1.88069138e+02, 5.95388306e+02,
       2.80643250e+02, 5.95156250e+02, 3.73767365e+02, 5.94793945e+02,
       4.68743927e+02, 5.48575195e+02, 2.34157684e+02, 5.48195801e+02,
       3.27008820e+02, 5.47429993e+02, 4.20948303e+02, 5.46343079e+02,
       5.17385803e+02, 5.01891479e+02, 1.87525818e+02, 5.01249329e+02,
       2.80284943e+02, 5.00361267e+02, 3.73680450e+02, 4.98862183e+02,
       4.68921387e+02, 4.54505463e+02, 2.33501312e+02, 4.53413269e+02,
       3.26603363e+02, 4.51848938e+02, 4.21046356e+02, 4.49419739e+02,
       5.17805725e+02, 4.08310425e+02, 1.86847992e+02, 4.06612091e+02,
       2.79556152e+02, 4.05126678e+02, 3.73524872e+02, 4.02717560e+02,
       4.69246277e+02, 8.12163391e+02, 2.40725067e+02, 8.15474426e+02,
       3.14875946e+02, 8.19174744e+02, 3.89766846e+02, 8.23391418e+02,
       4.66128357e+02, 7.76074585e+02, 2.78820648e+02, 7.79263611e+02,
       3.53191650e+02, 7.82778992e+02, 4.28679962e+02, 7.86892517e+02,
       5.05760193e+02, 7.37197754e+02, 2.42957764e+02, 7.39856262e+02,
       3.16936157e+02, 7.42956787e+02, 3.91632660e+02, 7.46343872e+02,
       4.67782684e+02, 7.01167358e+02, 2.80967560e+02, 7.03714111e+02,
       3.55080688e+02, 7.06606079e+02, 4.30392090e+02, 7.09666565e+02,
       5.07526031e+02, 6.62872437e+02, 2.44899979e+02, 6.65180786e+02,
       3.18891510e+02, 6.67551208e+02, 3.93458221e+02, 6.70100708e+02,
       4.69675354e+02, 6.26755310e+02, 2.82837372e+02, 6.28866760e+02,
       3.57024017e+02, 6.30957092e+02, 4.32285095e+02, 6.33244812e+02,
       5.09429321e+02, 5.88529724e+02, 2.46667725e+02, 5.90508240e+02,
       3.20791840e+02, 5.92289429e+02, 3.95470490e+02, 5.94037842e+02,
       4.71591736e+02, 5.52117126e+02, 2.84581238e+02, 5.53753418e+02,
       3.58973022e+02, 5.55159912e+02, 4.34344910e+02, 5.56420105e+02,
       5.11484070e+02, 5.13764465e+02, 2.48269104e+02, 5.15260986e+02,
       3.22563843e+02, 5.16538879e+02, 3.97499878e+02, 5.17503235e+02,
       4.73840576e+02, 4.76914520e+02, 2.86153870e+02, 4.78002625e+02,
       3.60810272e+02, 4.78865540e+02, 4.36541138e+02, 4.79155121e+02,
       5.13972473e+02, 4.38713165e+02, 2.49595718e+02, 4.39687195e+02,
       3.24220795e+02, 4.40516785e+02, 3.99487854e+02, 4.40694183e+02,
       4.76222870e+02, 7.58502625e+02, 2.44397476e+02, 7.59772888e+02,
       3.02174896e+02, 7.61190674e+02, 3.60256226e+02, 7.62925415e+02,
       4.19122925e+02, 7.29835144e+02, 2.73569641e+02, 7.30999573e+02,
       3.31407166e+02, 7.32335327e+02, 3.89787872e+02, 7.33935425e+02,
       4.49094025e+02, 7.00158142e+02, 2.45046005e+02, 7.01024658e+02,
       3.02740265e+02, 7.02209351e+02, 3.60743591e+02, 7.03361145e+02,
       4.19557281e+02, 6.71475281e+02, 2.74175232e+02, 6.72309143e+02,
       3.31904816e+02, 6.73263428e+02, 3.90313873e+02, 6.74244446e+02,
       4.49551697e+02, 6.42134583e+02, 2.45505035e+02, 6.42798096e+02,
       3.03242737e+02, 6.43487366e+02, 3.61265381e+02, 6.44286072e+02,
       4.20118378e+02, 6.13363342e+02, 2.74577240e+02, 6.13922180e+02,
       3.32392639e+02, 6.14413330e+02, 3.90765686e+02, 6.15010437e+02,
       4.50130951e+02, 5.83978516e+02, 2.45823669e+02, 5.84487793e+02,
       3.03676270e+02, 5.84836121e+02, 3.61753448e+02, 5.85176208e+02,
       4.20569824e+02, 5.54996216e+02, 2.74885437e+02, 5.55273254e+02,
       3.32870422e+02, 5.55430054e+02, 3.91338257e+02, 5.55433289e+02,
