%YAML:1.0
calibration_time: "Wed 10 Jul 2013 12:40:33 PM PDT"
nrofframes: 5
image_width: 1280
image_height: 720
board_width: 4
board_height: 11
square_size: 12.
fixaspectratio: 1.
# flags:  +fix_aspectRatio +fix_principal_point +zero_tangent_dist
flag: 14
camera_matrix: !!opencv-matrix
   rows: 3
   cols: 3
   dt: d
   data: [ 1.5985512203794628e+03, 0., 6.3950000000000000e+02, 0.,
       1.5985512203794628e+03, 3.5950000000000000e+02, 0., 0., 1. ]
distortion_coefficients: !!opencv-matrix
   rows: 5
   cols: 1
   dt: d
   data: [ 6.7090972936219184e-01, -5.3355326242364022e+01, 0., 0.,
       1.6968609215910114e+03 ]
avg_reprojection_error: 1.1439057610415841e-01
per_view_reprojection_errors: !!opencv-matrix
   rows: 5
   cols: 1
   dt: f
   data: [ 1.14390574e-01, 1.14390574e-01, 1.14390574e-01,
       1.14390574e-01, 1.14390574e-01 ]
# a set of 6-tuples (rotation vector + translation vector) for each view
extrinsic_parameters: !!opencv-matrix
   rows: 5
   cols: 6
   dt: d
   data: [ -9.3191774409061331e-02, 1.0485939045450166e-02,
       1.5581072947410162e+00, 3.2270139779414698e+01,
       -4.7413831315979579e+01, 7.5729850722389028e+02,
       -9.3191774409060457e-02, 1.0485939045449510e-02,
       1.5581072947410162e+00, 3.2270139779414706e+01,
       -4.7413831315979579e+01, 7.5729850722389028e+02,
       -9.3191774409061484e-02, 1.0485939045450596e-02,
       1.5581072947410159e+00, 3.2270139779414698e+01,
       -4.7413831315979579e+01, 7.5729850722389028e+02,
       -9.3191774409061262e-02, 1.0485939045450275e-02,
       1.5581072947410162e+00, 3.2270139779414706e+01,
       -4.7413831315979579e+01, 7.5729850722389028e+02,
       -9.3191774409060679e-02, 1.0485939045449788e-02,
       1.5581072947410162e+00, 3.2270139779414706e+01,
       -4.7413831315979579e+01, 7.5729850722389028e+02 ]
image_points: !!opencv-matrix
   rows: 5
   cols: 44
   dt: "2f"
   data: [ 7.07712097e+02, 2.58986938e+02, 7.08494568e+02,
       3.09691833e+02, 7.09314636e+02, 3.60450684e+02, 7.10320984e+02,
       4.11559143e+02, 6.82709045e+02, 2.84620789e+02, 6.83483765e+02,
       3.35352997e+02, 6.84305786e+02, 3.86213379e+02, 6.85230347e+02,
       4.37468903e+02, 6.56964172e+02, 2.59425598e+02, 6.57683838e+02,
       3.10273682e+02, 6.58461121e+02, 3.61016388e+02, 6.59217590e+02,
       4.12084717e+02, 6.31961426e+02, 2.85093658e+02, 6.32647644e+02,
       3.35856537e+02, 6.33389954e+02, 3.86762360e+02, 6.34077942e+02,
       4.38049927e+02, 6.06169922e+02, 2.59868683e+02, 6.06905151e+02,
       3.10757904e+02, 6.07575012e+02, 3.61527008e+02, 6.08180176e+02,
       4.12634216e+02, 5.81059875e+02, 2.85487732e+02, 5.81744873e+02,
       3.36347443e+02, 5.82311523e+02, 3.87338074e+02, 5.82803040e+02,
       4.38690491e+02, 5.55133667e+02, 2.60167236e+02, 5.55829224e+02,
       3.11180237e+02, 5.56368652e+02, 3.62047699e+02, 5.56859070e+02,
       4.13250580e+02, 5.29880737e+02, 2.85832733e+02, 5.30437561e+02,
       3.36792145e+02, 5.30862549e+02, 3.87925751e+02, 5.31092529e+02,
       4.39387878e+02, 5.03890045e+02, 2.60322510e+02, 5.04477814e+02,
       3.11454163e+02, 5.04933563e+02, 3.62576965e+02, 5.05156006e+02,
       4.13943481e+02, 4.78423859e+02, 2.85992493e+02, 4.78981781e+02,
       3.37145660e+02, 4.79232239e+02, 3.88411530e+02, 4.79218201e+02,
       4.40160034e+02, 4.52392059e+02, 2.60506714e+02, 4.52861542e+02,
       3.11777313e+02, 4.53150574e+02, 3.62980774e+02, 4.53164398e+02,
       4.14538757e+02, 7.07712097e+02, 2.58986938e+02, 7.08494568e+02,
       3.09691833e+02, 7.09314636e+02, 3.60450684e+02, 7.10320984e+02,
       4.11559143e+02, 6.82709045e+02, 2.84620789e+02, 6.83483765e+02,
       3.35352997e+02, 6.84305786e+02, 3.86213379e+02, 6.85230347e+02,
       4.37468903e+02, 6.56964172e+02, 2.59425598e+02, 6.57683838e+02,
       3.10273682e+02, 6.58461121e+02, 3.61016388e+02, 6.59217590e+02,
       4.12084717e+02, 6.31961426e+02, 2.85093658e+02, 6.32647644e+02,
       3.35856537e+02, 6.33389954e+02, 3.86762360e+02, 6.34077942e+02,
       4.38049927e+02, 6.06169922e+02, 2.59868683e+02, 6.06905151e+02,
       3.10757904e+02, 6.07575012e+02, 3.61527008e+02, 6.08180176e+02,
       4.12634216e+02, 5.81059875e+02, 2.85487732e+02, 5.81744873e+02,
       3.36347443e+02, 5.82311523e+02, 3.87338074e+02, 5.82803040e+02,
       4.38690491e+02, 5.55133667e+02, 2.60167236e+02, 5.55829224e+02,
       3.11180237e+02, 5.56368652e+02, 3.62047699e+02, 5.56859070e+02,
       4.13250580e+02, 5.29880737e+02, 2.85832733e+02, 5.30437561e+02,
       3.36792145e+02, 5.30862549e+02, 3.87925751e+02, 5.31092529e+02,
       4.39387878e+02, 5.03890045e+02, 2.60322510e+02, 5.04477814e+02,
       3.11454163e+02, 5.04933563e+02, 3.62576965e+02, 5.05156006e+02,
       4.13943481e+02, 4.78423859e+02, 2.85992493e+02, 4.78981781e+02,
       3.37145660e+02, 4.79232239e+02, 3.88411530e+02, 4.79218201e+02,
       4.40160034e+02, 4.52392059e+02, 2.60506714e+02, 4.52861542e+02,
       3.11777313e+02, 4.53150574e+02, 3.62980774e+02, 4.53164398e+02,
       4.14538757e+02, 7.07712097e+02, 2.58986938e+02, 7.08494568e+02,
       3.09691833e+02, 7.09314636e+02, 3.60450684e+02, 7.10320984e+02,
       4.11559143e+02, 6.82709045e+02, 2.84620789e+02, 6.83483765e+02,
       3.35352997e+02, 6.84305786e+02, 3.86213379e+02, 6.85230347e+02,
       4.37468903e+02, 6.56964172e+02, 2.59425598e+02, 6.57683838e+02,
       3.10273682e+02, 6.58461121e+02, 3.61016388e+02, 6.59217590e+02,
       4.12084717e+02, 6.31961426e+02, 2.85093658e+02, 6.32647644e+02,
       3.35856537e+02, 6.33389954e+02, 3.86762360e+02, 6.34077942e+02,
       4.38049927e+02, 6.06169922e+02, 2.59868683e+02, 6.06905151e+02,
       3.10757904e+02, 6.07575012e+02, 3.61527008e+02, 6.08180176e+02,
       4.12634216e+02, 5.81059875e+02, 2.85487732e+02, 5.81744873e+02,
       3.36347443e+02, 5.82311523e+02, 3.87338074e+02, 5.82803040e+02,
       4.38690491e+02, 5.55133667e+02, 2.60167236e+02, 5.55829224e+02,
       3.11180237e+02, 5.56368652e+02, 3.62047699e+02, 5.56859070e+02,
       4.13250580e+02, 5.29880737e+02, 2.85832733e+02, 5.30437561e+02,
       3.36792145e+02, 5.30862549e+02, 3.87925751e+02, 5.31092529e+02,
       4.39387878e+02, 5.03890045e+02, 2.60322510e+02, 5.04477814e+02,
       3.11454163e+02, 5.04933563e+02, 3.62576965e+02, 5.05156006e+02,
       4.13943481e+02, 4.78423859e+02, 2.85992493e+02, 4.78981781e+02,
       3.37145660e+02, 4.79232239e+02, 3.88411530e+02, 4.79218201e+02,
       4.40160034e+02, 4.52392059e+02, 2.60506714e+02, 4.52861542e+02,
       3.11777313e+02, 4.53150574e+02, 3.62980774e+02, 4.53164398e+02,
       4.14538757e+02, 7.07712097e+02, 2.58986938e+02, 7.08494568e+02,
       3.09691833e+02, 7.09314636e+02, 3.60450684e+02, 7.10320984e+02,
       4.11559143e+02, 6.82709045e+02, 2.84620789e+02, 6.83483765e+02,
       3.35352997e+02, 6.84305786e+02, 3.86213379e+02, 6.85230347e+02,
       4.37468903e+02, 6.56964172e+02, 2.59425598e+02, 6.57683838e+02,
       3.10273682e+02, 6.58461121e+02, 3.61016388e+02, 6.59217590e+02,
       4.12084717e+02, 6.31961426e+02, 2.85093658e+02, 6.32647644e+02,
       3.35856537e+02, 6.33389954e+02, 3.86762360e+02, 6.34077942e+02,
       4.38049927e+02, 6.06169922e+02, 2.59868683e+02, 6.06905151e+02,
       3.10757904e+02, 6.07575012e+02, 3.61527008e+02, 6.08180176e+02,
       4.12634216e+02, 5.81059875e+02, 2.85487732e+02, 5.81744873e+02,
       3.36347443e+02, 5.82311523e+02, 3.87338074e+02, 5.82803040e+02,
       4.38690491e+02, 5.55133667e+02, 2.60167236e+02, 5.55829224e+02,
       3.11180237e+02, 5.56368652e+02, 3.62047699e+02, 5.56859070e+02,
       4.13250580e+02, 5.29880737e+02, 2.85832733e+02, 5.30437561e+02,
       3.36792145e+02, 5.30862549e+02, 3.87925751e+02, 5.31092529e+02,
       4.39387878e+02, 5.03890045e+02, 2.60322510e+02, 5.04477814e+02,
       3.11454163e+02, 5.04933563e+02, 3.62576965e+02, 5.05156006e+02,
       4.13943481e+02, 4.78423859e+02, 2.85992493e+02, 4.78981781e+02,
       3.37145660e+02, 4.79232239e+02, 3.88411530e+02, 4.79218201e+02,
